37.2964154 126.9775516
37.29639402778035 126.97229458630592
37.29641427664908 126.97219025356306
37.296364756601896 126.97234816946597
37.296242698064056 126.97061134255325
37.296445448199 126.97067893417926
37.295991148399935 126.9737637390771
37.296130853990434 126.97396670122274
37.29595077651958 126.97456451548267
37.29621675069362 126.97535955194189
37.296194263359695 126.97554565254387
37.2958991655144 126.97550627389583
37.294150792126615 126.97382076857987 
37.2941236157922 126.97317228893473
37.29378640599056 126.97635844942532
37.29417838874442 126.97651621986587
37.292641984586204 126.97584566538389
37.29328172593461 126.97586801674342
37.29274132789619 126.97699597578944
37.29193062849665 126.97823677439762